chunk 1 -2 0 256
chunk -1 -1 0 222 4 4 0 32
chunk 0 -1 0 192 4 4 4 4 4 4 4 4 4 4 4 4 4 4 4 4 4 4 4 4 4 4 4 4 4 4 4 4 4 4 4 4 0 32
chunk 1 -1 0 192 4 4 4 4 4 4 4 4 4 4 4 4 4 4 4 4 4 4 4 4 4 4 4 4 4 4 4 4 4 4 4 4 0 32
chunk 2 -1 0 192 4 4 0 14 4 4 4 4 0 44
chunk -2 0 0 79 1 0 15 1 0 47 1 0 15 1 0 96
chunk -1 0 0 3 1 1 0 14 1 1 0 12 1 1 0 2 1 1 0 10 1 1 0 2 1 1 0 9 1 0 6 1 1 0 7 1 0 6 1 1 0 39 1 0 6 1 1 0 7 1 0 6 1 1 0 8 1 1 0 2 1 1 0 10 1 1 0 2 1 1 0 12 1 1 0 14 1 1 0 43
chunk 0 0 0 2 1 2 2 1 1 1 0 4 2 1 0 4 2 1 2 1 2 1 0 4 1 1 0 2 2 1 0 6 3 2 0 2 3 2 1 2 1 2 0 6 2 1 0 2 2 3 1 2 3 1 0 6 1 1 0 2 1 1 0 2 1 1 0 6 1 3 0 2 2 1 0 2 2 2 0 6 2 1 0 2 3 2 0 2 3 2 0 6 1 2 0 2 3 1 0 2 2 3 0 6 3 2 0 2 1 1 0 2 1 1 0 6 1 3 0 2 2 3 0 2 1 2 0 6 2 1 0 2 1 1 0 2 3 2 0 6 2 1 0 2 1 2 0 2 1 2 0 6 3 2 0 2 3 2 0 2 2 1 0 6 1 1 0 2 2 2 0 34
chunk 1 0 0 4 2 1 0 4 1 3 2 2 1 1 0 4 1 3 0 4 2 2 2 1 1 2 0 2 2 3 2 1 0 2 3 2 0 8 2 1 3 1 0 2 3 1 0 6 3 2 0 2 1 1 0 2 2 3 0 6 3 1 0 2 1 1 0 2 2 2 0 10 2 1 0 2 3 3 0 10 1 2 0 2 3 2 0 10 3 1 0 2 1 2 0 10 1 3 0 2 2 1 0 10 2 2 0 2 2 1 0 10 3 1 0 2 1 3 0 10 2 3 0 2 1 2 0 10 3 2 0 2 2 2 0 38
chunk 2 0 0 32 2 1 0 14 2 2 0 14 3 2 0 14 3 1 0 14 1 3 0 14 2 1 0 14 2 2 0 14 1 1 0 14 1 1 0 14 2 3 0 14 3 2 0 14 2 1 0 46
chunk -1 1 0 14 4 4 0 240
chunk 0 1 4 4 4 4 4 4 4 4 4 4 4 4 4 4 4 4 4 4 4 4 4 4 4 4 4 4 4 4 4 4 4 4 0 51 1 0 3 1 0 1 1 1 1 1 0 6 1 0 3 1 0 1 1 0 3 1 0 6 1 0 1 1 0 2 1 0 3 1 0 7 1 0 3 1 0 3 1 0 6 1 0 1 1 0 2 1 0 3 1 0 5 1 0 3 1 0 1 1 0 3 1 0 5 1 0 3 1 0 1 1 1 1 1 0 67
chunk 1 1 4 4 4 4 4 4 4 4 4 4 4 4 4 4 4 4 4 4 4 4 4 4 4 4 4 4 4 4 4 4 4 4 0 224
chunk 2 1 4 4 4 4 0 12 4 4 0 238
end