chunk -1 -1 0 174 4 2 0 12 4 4 0 11 4 5 0 11 4 5 0 11 4 5 0 12 4 4
chunk 0 -1 0 160 7 10 4 2 0 4 4 2 7 8 4 9 7 7 4 9 7 6 4 10 7 3 4 5 7 1 4 8 7 2 4 3 7 3 4 4
chunk 1 -1 0 176 4 1 0 15 4 4 0 12 4 13 0 3 4 14 0 2 4 14 0 2
chunk -1 0 0 12 4 4 0 12 4 4 0 13 4 3 0 14 4 2 0 192
chunk 0 0 4 4 7 1 4 4 7 2 4 69 0 1 4 15 0 2 4 14 0 5 4 11 0 8 4 8 0 9 4 7 0 10 4 6 0 11 4 5 0 15 4 1 0 14 4 2 0 13 4 3 0 12 4 4
chunk 1 0 4 14 0 2 4 14 0 2 4 13 0 3 4 14 0 2 4 192
chunk 2 0 0 53 4 7 0 4 4 192
chunk 3 0 0 80 4 3 0 13 4 12 0 4 4 13 0 3 4 14 0 2 4 15 0 1 4 15 0 1 4 15 0 1 4 15 0 1 4 15 0 1 4 15 0 1 4 15 0 1
chunk -1 1 0 63 4 1 0 14 4 2 0 14 4 2 0 14 4 2 0 13 4 3 0 12 4 4 0 8 4 8 0 8 4 8 0 7 4 9 0 7 4 9 0 7 4 9 0 7 4 9 0 7 4 9
chunk 0 1 0 9 4 7 0 2 4 238
chunk 1 1 4 3 0 2 4 14 0 4 4 11 0 10 4 6 0 11 4 6 0 10 4 6 0 10 4 7 0 10 4 6 0 10 4 6 0 10 4 5 0 10 4 7 0 7 4 9 0 7 4 51 0 2 4 14 0 2
chunk 2 1 4 103 7 3 4 13 7 2 4 2 7 3 4 6 7 2 4 4 7 4 4 5 7 3 4 1 7 7 4 5 7 12 4 2 0 5 7 9 4 1 0 9 7 5 0 50
chunk 3 1 4 15 0 1 4 15 0 1 4 14 0 2 4 13 0 3 4 11 0 5 4 9 0 7 4 6 0 10 4 3 0 13 4 2 0 14 4 1 0 15 4 1 0 95
chunk -1 2 0 8 4 8 0 8 4 8 0 8 4 8 0 8 4 7 7 1 0 8 4 6 7 2 0 8 4 6 7 2 0 8 4 6 7 2 0 8 4 7 7 1 0 9 7 2 4 4 7 1 0 10 7 2 4 4 0 10 7 2 4 4 0 11 4 5 0 11 4 5 0 11 4 1 7 2 4 2 0 11 7 3 4 2 0 10 7 3 4 3
chunk 0 2 4 51 7 1 4 12 7 2 4 1 7 1 4 12 7 2 4 14 7 4 4 12 7 4 4 12 7 4 4 12 7 4 4 108
chunk 1 2 4 13 0 3 4 12 0 4 4 11 0 5 4 11 0 5 4 10 0 6 4 10 0 6 4 10 0 6 4 10 0 6 4 10 0 6 4 10 0 6 4 10 0 6 4 9 0 7 4 9 0 7 4 8 0 8 4 7 0 9 4 6 0 10
chunk -2 3 0 238 7 2 0 14 7 2
chunk -1 3 0 10 7 3 4 3 0 9 7 3 4 4 0 9 7 3 4 4 0 8 7 4 4 4 0 8 7 3 4 5 0 8 7 3 4 5 0 9 4 7 0 9 4 6 0 10 4 5 0 11 4 5 0 10 4 5 0 11 4 4 0 11 4 5 0 13 2 2 0 5 7 1 8 2 5 11 0 2 7 1 8 2 2 11 0 2
chunk 0 3 4 69 0 1 2 2 0 1 4 9 0 4 1 2 0 4 4 4 0 6 1 2 0 14 1 2 0 14 1 2 0 14 2 2 0 14 1 2 0 14 1 2 0 14 1 2 0 14 1 2 0 14 2 2 0 14 1 2 0 8
chunk 1 3 4 5 0 11 4 4 0 12 4 4 0 12 4 4 0 12 4 2 0 190
chunk 5 3 0 34 1 12 0 4 1 12 0 4 1 12 0 4 1 12 0 4 1 12 0 4 1 12 0 4 1 12 0 4 1 12 0 4 1 12 0 4 1 12 0 4 1 12 0 4 1 12 0 4 1 12 0 4 1 2 2 12
chunk 6 3 0 240 2 8 0 8
chunk -4 4 0 79 4 1 0 15 4 1 0 14 4 2 0 14 4 2 0 13 4 3 0 11 4 5 0 7 4 9 0 6 4 10 0 5 4 11 0 5 4 11 0 4 4 12 0 4 4 12
chunk -3 4 0 18 4 8 0 6 4 11 0 2 4 2 0 1 4 15 0 1 4 192
chunk -2 4 0 14 7 2 0 14 8 2 0 14 8 1 2 1 0 14 5 2 0 31 4 2 0 12 4 4 0 12 4 5 0 10 4 10 0 3 4 103
chunk -1 4 8 2 2 13 1 1 8 1 2 14 1 1 2 14 0 2 5 14 0 5 2 2 0 11 4 4 7 4 0 8 4 4 7 3 0 9 4 4 7 3 0 7 2 2 4 3 7 3 0 8 2 2 4 2 7 3 0 9 2 2 4 2 7 1 0 11 2 2 4 2 0 12 2 2 4 1 0 13 2 2 4 1 0 13 2 2 4 1 0 13 2 2 4 1 0 11 1 4
chunk 0 4 1 2 0 4 1 2 0 8 1 2 0 4 1 2 0 8 1 2 0 4 1 2 0 8 1 2 0 4 2 2 0 8 1 2 0 4 1 2 0 8 1 2 0 4 1 2 0 8 1 2 0 4 1 2 0 8 2 66 0 1 2 61 1 16
chunk 1 4 0 62 1 2 0 14 1 2 0 14 1 2 0 14 2 10 0 2 5 2 0 2 3 2 2 8 0 2 3 2 0 2 3 2 2 8 0 2 3 2 0 2 3 2 2 8 0 2 3 2 0 2 3 2 2 4 0 1 2 3 0 2 3 2 0 2 3 2 2 8 0 2 3 2 0 2 3 2 2 8 0 2 3 2 0 2 3 2 2 8 0 2 3 2 0 2 3 2 1 8 0 2 3 2 0 2 3 2
chunk 2 4 0 48 1 32 0 34 5 2 0 14 3 2 0 14 3 2 0 14 3 2 0 14 3 2 0 14 3 2 0 14 3 2 0 14 3 2 0 14 3 2 0 12
chunk 3 4 0 48 1 32 0 176
chunk 4 4 0 48 1 32 0 176
chunk 5 4 0 2 1 2 2 12 0 4 2 12 0 4 2 12 1 4 2 12 1 4 2 12 0 4 2 9 0 2 2 1 0 4 2 9 0 2 2 1 0 4 2 12 0 4 2 12 0 4 2 12 0 4 2 12 0 4 2 12 0 4 2 12 0 4 2 12 0 4 2 12 0 4 2 12
chunk 6 4 2 8 0 8 2 8 0 8 2 8 0 8 2 8 0 8 2 8 0 8 2 8 0 8 2 8 0 8 2 8 0 8 2 8 0 8 2 8 0 8 2 8 0 8 2 8 0 8 2 8 0 8 2 8 0 8 2 8 0 8 2 8 0 8
chunk 7 4 0 160 1 10 0 6 1 10 0 1 1 15 0 1 1 15 2 1 1 15 0 1 1 15 0 1 1 5
chunk -4 5 0 4 4 12 0 5 4 11 0 5 4 4 7 2 4 5 0 6 4 3 7 3 4 3 7 1 0 10 7 1 4 2 7 3 0 12 7 4 0 13 7 3 0 13 7 3 0 14 7 2 0 14 4 2 0 96
chunk -3 5 4 48 7 1 4 15 7 2 4 14 7 2 4 14 7 2 4 14 7 1 4 47 7 3 4 13 0 1 7 2 4 14 7 1 4 61 7 1
chunk -2 5 4 95 0 1 4 15 0 1 4 15 0 1 4 10 8 2 2 2 8 2 4 10 8 2 2 4 4 10 8 1 2 5 4 10 2 6 4 10 2 6 7 2 4 8 8 1 2 5 7 2 4 8 8 2 2 4 7 3 4 6 0 7
chunk -1 5 4 1 0 11 1 4 0 12 1 4 0 12 1 4 0 12 1 4 0 12 1 4 0 12 1 4 0 12 1 4 0 12 1 4 0 12 1 4 0 12 1 4 0 12 1 5 2 1 1 4 2 1 1 4 2 1 1 5 2 1 1 4 2 1 1 4 2 1 1 4 0 12 1 4 0 12 1 4 0 16
chunk 0 5 1 48 0 1 1 4 0 1 1 4 0 1 1 4 0 1 1 96 0 1 1 4 0 1 1 4 0 1 1 4 0 1 1 64 0 16
chunk 1 5 1 8 0 2 3 6 1 8 0 2 3 6 1 9 2 1 3 6 1 4 0 1 1 4 2 1 3 6 1 9 2 1 3 6 1 9 2 7 1 68 0 1 1 4 0 1 1 4 0 1 1 65 0 16
chunk 2 5 3 4 0 12 3 4 0 12 3 4 0 12 3 4 0 12 3 4 0 12 2 4 0 12 1 4 0 12 1 4 0 12 1 4 0 12 1 4 0 12 1 4 0 12 1 4 0 12 1 4 0 12 1 4 0 12 1 4 0 28
chunk 5 5 0 4 2 12 0 4 2 9 0 2 2 1 0 4 2 9 0 2 2 1 0 4 2 12 0 4 2 12 0 4 2 12 0 4 2 12 0 4 2 12 0 4 2 12 0 4 1 12 0 4 1 12 0 4 1 12 0 4 1 12 0 4 1 12 0 4 1 12 0 4 1 12
chunk 6 5 2 8 0 8 2 8 0 8 2 8 0 8 2 8 1 7 2 9 1 7 2 9 0 8 2 8 0 8 2 8 0 8 2 8 0 8 1 4 0 12 1 4 0 12 1 4 0 12 1 4 0 12 1 4 0 12 1 4 0 12 1 4 0 12
chunk 7 5 1 10 0 6 1 10 0 6 1 10 0 6 1 10 0 1 1 15 0 1 1 15 2 1 1 15 0 1 1 15 0 1 1 15 0 118
chunk -6 6 0 227 4 7 0 9 4 1 0 1 4 7 0 4
chunk -5 6 0 227 4 5 7 4 0 6 4 6 7 6 0 2
chunk -4 6 0 15 4 1 0 14 4 2 0 13 4 3 0 13 4 3 0 13 4 3 0 13 4 3 0 14 4 2 0 15 4 1 0 127 4 1
chunk -3 6 4 14 7 2 4 13 7 3 4 13 7 3 4 13 7 3 4 14 7 2 4 80 0 1 4 15 0 1 4 14 0 2 4 13 0 3 4 11 0 4 4 9 0 7 4 8 0 8
chunk -2 6 7 3 4 5 0 8 7 3 4 5 0 8 7 4 4 4 0 8 7 4 4 3 0 9 7 1 4 6 0 9 4 6 0 10 4 5 0 11 4 3 0 13 4 2 0 14 4 1 0 111
chunk 5 6 0 4 1 12 0 4 2 2 0 5 2 2 0 7 1 2 0 5 1 2 0 7 1 2 0 5 1 2 0 7 1 2 0 5 1 2 0 7 2 2 0 5 1 2 0 7 1 2 0 5 1 2 0 7 1 2 0 5 1 2 0 7 1 2 0 5 1 2 0 7 5 2 0 5 1 2 0 14 1 2 0 14 1 2 0 14 1 2 0 14 1 2 0 11 5 1 2 6 5 1 0 8 2 8
chunk 6 6 1 4 0 14 2 2 0 14 1 2 0 14 1 2 0 14 1 2 0 14 2 2 0 14 1 2 0 14 1 2 0 14 1 2 0 14 5 2 0 108
chunk -6 7 0 3 4 13 0 1 4 15 0 1 4 15 0 1 4 15 0 2 4 14 0 3 4 13 0 3 4 13 0 3 4 13 0 4 4 12 0 4 4 12 0 4 4 12 0 6 4 7 7 3 0 8 4 2 7 1 4 1 7 4 0 13 7 3 0 14 7 2 0 15 4 1
chunk -5 7 4 8 7 7 0 1 4 9 7 7 4 10 7 6 4 10 7 6 4 10 7 6 4 11 7 4 4 97 7 1 4 7 7 3 4 5 7 1 4 5 7 5 4 11 7 5 4 11 7 3 4 7
chunk -4 7 0 11 4 5 0 9 4 7 7 1 4 1 0 6 4 8 7 1 4 34 7 1 4 13 7 3 4 14 7 2 4 140
chunk -3 7 4 7 0 9 4 7 0 9 4 7 0 9 4 6 0 10 4 6 0 10 4 7 0 9 4 7 0 9 4 8 0 8 4 15 0 1 4 84 0 3 7 3 4 9 0 5 7 6 4 2
chunk -2 7 0 144 4 14 0 2 4 96
chunk -1 7 0 176 4 2 0 14 4 2 0 14 4 3 0 13 4 4 0 12 4 4 0 12
chunk 5 7 0 8 2 8 0 8 2 8 0 8 6 1 5 1 6 1 5 1 6 1 5 1 6 1 5 1 0 8 5 1 6 1 5 1 6 1 5 1 6 1 5 1 6 1 0 8 6 1 5 1 6 1 5 1 6 1 5 1 6 1 5 1 0 8 2 8 0 11 2 2 0 14 1 2 0 14 1 2 0 14 1 2 0 14 1 2 0 14 1 2 0 14 1 2 0 14 1 2 0 14 1 2 0 14 1 2 0 3
chunk -6 8 0 15 4 1 0 15 4 1 0 15 4 1 0 14 4 2 0 14 4 2 0 14 4 2 0 13 4 3 0 13 4 3 0 12 4 4 0 12 4 4 0 11 4 5 0 11 4 5 0 12 4 4 0 12 4 4 0 13 4 3 0 13 4 3
chunk -5 8 4 26 7 3 4 10 7 7 4 9 7 7 4 9 7 7 4 9 7 7 4 10 7 6 4 10 7 6 4 11 7 4 4 115
chunk -4 8 4 159 0 1 4 15 0 1 4 30 7 1 4 12 7 2 4 14 7 1 4 17 7 2 4 1
chunk -3 8 4 3 0 5 7 6 4 5 0 5 7 7 4 4 0 5 7 8 4 2 0 6 7 8 4 2 0 6 7 4 0 4 4 2 0 14 4 2 0 14 4 1 0 79 4 1 0 15 4 2 0 14 4 3 0 13 4 4 0 12
chunk -2 8 4 64 0 1 4 15 0 3 4 13 0 4 4 12 0 5 4 11 0 6 4 10 0 7 4 9 0 7 4 9 0 7 4 9 0 7 4 9 0 7 4 9 0 6 4 10 0 6 4 10
chunk -1 8 4 5 0 11 4 5 0 11 4 5 0 11 4 5 0 11 4 5 0 11 4 5 0 11 4 5 0 11 4 6 0 10 4 7 0 2 4 6 0 1 4 112
chunk 0 8 0 160 4 1 0 15 4 2 0 14 4 2 0 14 4 3 0 13 4 3 0 13 4 4 0 12
chunk 5 8 0 11 1 2 0 14 1 2 0 14 1 2 0 14 1 2 0 14 1 2 0 14 1 2 0 14 1 2 0 14 1 2 0 14 1 2 0 14 1 2 0 14 1 2 0 14 1 2 0 14 1 2 0 14 1 2 0 14 1 2 0 14 1 2 0 3
chunk -6 9 0 13 7 3 0 14 7 2 0 13 7 3 0 12 7 4 0 9 4 1 7 6 0 7 4 4 7 5 0 7 4 6 7 3 0 7 4 9 0 7 4 9 0 7 4 9 0 7 4 9 0 8 4 8 0 9 4 7 0 10 4 6 0 11 4 5 0 13 4 3
chunk -5 9 7 1 4 15 7 1 4 15 7 3 4 13 7 3 4 13 7 3 4 13 7 2 4 14 7 1 4 159
chunk -4 9 4 13 7 3 4 13 7 3 4 14 7 1 0 1 4 15 0 1 4 15 0 1 4 176
chunk -3 9 4 5 0 11 7 1 0 2 4 3 0 14 4 3 0 14 4 3 0 14 4 2 0 14 4 3 0 7 4 1 0 6 4 2 0 7 4 2 0 5 4 3 0 6 4 3 0 4 4 3 0 6 4 5 0 3 4 3 0 5 4 11 0 5 4 12 0 4 4 8 0 1 4 3 0 4 4 8 0 2 4 2 0 4 4 12 0 4 4 12 0 4
chunk -2 9 0 6 4 10 0 6 4 10 0 6 4 10 0 6 4 10 0 6 4 10 0 6 4 10 0 6 4 10 0 7 4 9 0 8 4 8 0 13 4 3 0 14 4 2 0 15 4 1 0 64
chunk -1 9 4 208 0 1 4 3 0 10 4 2 0 32
chunk 0 9 4 5 0 11 4 6 0 10 4 7 0 9 4 7 7 3 0 6 4 8 7 3 0 5 4 8 7 4 0 4 4 11 7 1 0 4 4 12 0 4 4 12 0 4 4 7 7 4 4 3 0 2 4 5 7 6 4 4 0 1 4 4 7 6 4 10 7 4 0 1 7 1 4 10 0 6 4 6 0 12 4 4 0 13 4 3
chunk 1 9 0 192 4 1 0 15 4 1 0 15 4 2 0 14 4 3 0 13
chunk 5 9 0 11 1 2 0 14 1 2 0 14 1 2 0 14 1 2 0 14 1 2 0 14 1 2 0 14 1 2 0 14 1 2 0 14 1 2 0 14 1 2 0 14 1 2 0 14 1 2 0 14 1 2 0 14 1 2 0 14 1 2 0 14 1 2 0 3
chunk -6 10 0 14 4 2 0 240
chunk -5 10 4 32 0 1 4 15 0 3 4 13 0 5 4 11 0 6 4 10 0 8 4 8 0 15 4 1 0 128
chunk -4 10 4 125 7 3 0 1 4 8 7 7 0 3 4 5 7 8 0 5 4 2 7 9 0 8 7 8 0 11 7 5 0 12 7 4 0 15 7 1 0 16
chunk -3 10 4 12 0 4 4 12 0 4 4 12 0 4 4 12 0 4 7 1 4 11 0 4 4 13 0 3 4 13 7 1 0 2 4 12 7 3 0 1 7 2 4 10 7 6 4 3 7 1 4 7 7 6 4 2 7 2 4 7 7 5 4 2 7 1 4 10 7 3 4 13 7 2 4 14 7 2 4 14 0 7 4 9
chunk -2 10 0 128 7 3 0 13 7 5 0 11 7 6 0 10 7 6 0 10 4 2 7 4 0 10 4 7 0 9 4 7 0 9 4 6 0 10
chunk 0 10 0 13 4 3 0 13 4 3 0 13 4 3 0 13 4 3 0 14 4 2 0 15 4 1 0 160
chunk 1 10 4 4 0 12 4 5 0 11 4 6 0 10 4 7 0 9 4 9 0 7 4 10 0 6 4 11 0 6 4 10 0 7 4 9 0 8 4 9 0 8 4 8 0 8 4 8 0 9 4 7 0 9 4 7 0 10 4 6 0 10 4 6 0 4
chunk 5 10 0 11 1 2 0 14 1 2 0 14 1 2 0 14 1 2 0 14 1 2 0 14 1 2 0 14 1 2 0 14 1 2 0 14 1 2 0 14 1 2 0 14 1 2 0 14 1 2 0 14 1 2 0 14 1 2 0 14 1 2 0 14 1 2 0 3
chunk -3 11 0 9 4 7 0 11 4 5 0 224
chunk -2 11 4 3 0 253
chunk 1 11 0 6 4 6 0 11 4 5 0 11 4 5 0 11 4 5 0 12 4 5 0 11 4 5 0 11 4 5 0 11 4 6 0 10 4 6 0 11 4 5 0 11 4 5 0 11 4 6 0 10 4 6 0 11 4 6 0 10 4 6 0 10 4 6
chunk 2 11 0 224 4 1 0 15 4 1 0 15
chunk 5 11 0 11 1 2 0 14 1 2 0 14 1 2 0 14 1 2 0 14 1 2 0 14 1 2 0 14 1 2 0 14 1 2 0 14 1 2 0 14 1 2 0 14 1 2 0 14 1 2 0 12 7 2 2 4 0 10 7 2 2 4 0 10 7 2 2 3 8 1 0 10 7 1 2 4 8 1 4 1
chunk 6 11 0 240 4 1 0 15
chunk 1 12 0 10 4 6 0 10 4 6 0 10 4 6 0 10 4 6 0 11 4 5 0 11 4 5 0 12 4 4 0 13 4 3 0 14 4 2 0 14 4 2 0 15 4 1 0 80
chunk 2 12 4 1 0 15 4 1 0 15 4 2 0 14 4 2 0 14 4 3 0 13 4 3 0 13 4 4 0 12 4 4 0 12 4 5 0 11 4 5 0 11 4 1 7 1 4 3 0 11 4 5 0 12 4 2 7 1 4 1 0 12 4 1 7 2 4 2 0 11 4 5 0 12 4 2 7 3 0 9
chunk 5 12 0 9 2 6 4 1 0 9 7 1 2 5 4 1 0 9 2 6 4 1 0 9 2 6 4 1 0 8 4 1 8 1 2 4 8 1 4 1 0 7 4 2 2 5 8 1 4 1 0 6 4 3 2 5 8 1 4 1 0 7 4 2 2 6 4 1 0 8 4 1 8 1 2 5 4 1 0 9 8 1 2 5 0 12 1 2 0 14 1 2 0 14 1 2 0 14 1 2 0 14 1 2 0 14 1 2 0 3
chunk 6 12 4 2 0 14 4 2 7 3 0 11 4 3 7 3 0 10 4 3 7 1 4 2 0 10 4 5 0 11 4 5 0 11 4 3 0 13 4 1 0 143
chunk 2 13 0 2 4 2 7 3 0 12 7 5 0 11 7 5 0 11 7 6 0 11 7 5 0 11 7 3 4 3 0 11 7 1 4 3 7 1 4 1 0 10 4 2 7 1 4 4 0 9 4 1 7 2 4 4 0 9 4 9 0 7 4 10 0 6 4 11 0 6 4 10 0 6 4 10 0 6 4 10 0 7 4 9
chunk 3 13 0 176 4 1 0 15 4 3 0 13 4 4 0 12 4 4 0 12 4 4 0 12
chunk 5 13 0 11 1 2 0 14 1 2 0 14 1 2 0 14 1 2 0 14 1 2 0 14 1 2 0 14 1 2 0 14 1 2 0 14 1 2 0 14 1 2 0 14 1 2 0 14 1 2 0 14 1 2 0 14 1 2 0 14 1 2 0 5 7 6 8 2 2 6
chunk 6 13 0 240 2 14 0 2
chunk 2 14 0 7 4 9 0 7 4 9 0 7 4 9 0 8 4 8 0 8 4 8 0 8 4 8 0 8 4 8 0 9 4 7 0 9 4 7 0 9 4 7 0 10 4 6 0 11 4 5 0 11 4 5 0 14 4 2 0 32
chunk 3 14 4 4 0 12 4 5 0 11 4 6 0 10 4 176 0 2 4 14 0 4 4 12
chunk 4 14 0 48 4 1 0 15 4 3 0 13 4 4 0 12 4 5 0 11 4 6 0 10 4 7 0 9 4 8 0 8 4 9 0 7 4 11 0 5 4 15 0 1 4 48
chunk 5 14 0 2 7 6 8 2 2 6 0 2 7 4 8 3 2 7 0 2 7 3 8 2 7 1 8 1 2 7 0 2 8 7 2 7 0 2 7 1 8 4 2 9 0 2 7 1 8 4 2 9 0 2 8 3 2 11 0 2 2 2 8 1 2 11 0 2 2 4 8 1 2 9 0 2 2 2 8 1 2 2 8 1 2 8 0 4 8 1 1 1 8 2 0 12 8 4 0 7 4 1 0 4 8 4 0 5 4 3 0 4 4 4 0 4 4 5 0 3 4 4 0 4 4 6 0 2 4 4 0 3 4 5
chunk 6 14 2 14 0 2 2 12 8 2 0 2 2 10 8 4 0 2 2 9 8 2 7 2 8 1 0 2 2 6 8 8 0 2 2 6 8 1 7 1 8 3 7 3 0 2 2 6 8 3 7 5 0 2 2 4 8 5 7 5 0 2 2 3 8 2 7 2 8 1 7 6 0 2 2 2 8 2 7 10 0 18 4 2 0 14 4 4 0 12 4 6 0 10 4 7 0 9 4 9 0 7
chunk 8 14 0 239 4 1 0 13 4 3
chunk 9 14 0 179 4 3 7 4 0 7 4 5 7 4 0 6 4 6 7 4 0 6 4 6 7 4 0 6 4 7 7 3 0 6
chunk 3 15 0 6 4 2 7 2 4 6 0 6 4 10 0 6 7 3 4 3 7 1 4 3 0 6 7 4 4 6 0 6 7 7 4 3 0 6 7 8 4 2 0 6 7 9 4 1 0 7 7 9 0 7 7 9 0 8 7 8 0 9 7 7 0 11 7 5 0 13 7 3 0 15 7 1 0 32
chunk 4 15 4 112 7 1 4 15 7 1 4 15 7 1 4 15 7 2 4 14 7 2 4 14 7 2 4 14 7 1 4 3 7 1 4 11 7 1 4 2 7 2 4 14 7 1 4 12
chunk 5 15 4 2 0 2 4 4 0 3 4 8 0 1 4 4 0 3 4 13 0 1 4 70 7 1 4 15 7 1 4 15 7 1 4 15 7 1 4 13 7 1 4 15 7 1 4 66
chunk 6 15 4 10 0 6 4 10 0 6 4 11 0 5 4 1 7 2 4 8 0 5 4 13 0 3 4 2 7 4 4 8 0 2 7 6 4 9 0 1 7 6 4 9 0 1 7 6 4 10 7 6 4 10 7 7 4 9 7 7 4 1 7 1 4 9 7 3 4 3 7 1 4 8 7 1 4 46
chunk 7 15 0 144 4 1 0 15 4 1 0 15 4 2 0 14 4 3 0 13 4 4 0 7 4 37
chunk 8 15 0 13 4 3 0 12 4 4 0 12 4 4 0 12 4 3 7 1 0 12 4 4 0 11 4 5 0 11 4 5 0 11 4 5 0 11 4 5 0 11 4 5 0 11 4 5 0 11 4 5 0 11 4 7 0 8 4 9 0 7 4 9 0 6 4 7
chunk 9 15 4 4 7 6 0 6 4 1 7 1 4 1 7 6 0 7 7 2 4 1 7 6 0 7 7 2 4 1 7 5 0 8 7 2 4 2 7 4 0 8 4 4 7 2 0 10 4 4 7 2 0 10 4 5 0 11 4 4 0 12 4 4 0 12 4 4 0 12 4 4 0 12 4 4 0 12 4 4 0 12 4 5 0 11 4 5 0 11
chunk 3 16 0 241 4 3 0 12
chunk 4 16 0 1 4 15 0 1 4 15 0 1 4 15 0 2 4 14 0 2 4 14 0 3 4 13 0 3 4 13 0 4 4 12 0 4 4 12 0 10 4 6 0 10 4 6 0 10 4 6 0 10 4 3 0 13 4 3 0 12 4 4 0 12 4 4 0 3
chunk 5 16 4 192 0 2 4 14 0 3 4 8 0 37
chunk 6 16 4 171 7 1 4 14 7 3 4 12 7 2 4 21 0 4 4 4 7 5 4 3 0 6 4 2 7 6 4 2
chunk 7 16 4 226 7 1 4 29
chunk 8 16 4 5 0 2 4 69 7 1 4 13 7 3 4 13 7 2 4 2 7 2 4 13 7 3 4 11 7 5 4 10 7 6 4 10 7 6 4 10 7 6 4 12 7 4 4 9 7 2 4 1 7 4 4 10 7 1 4 2 7 3 4 16
chunk 9 16 4 6 0 10 4 6 0 10 4 8 0 8 4 8 0 8 4 9 0 7 4 9 0 7 7 2 4 7 0 7 7 3 4 6 0 7 7 3 4 6 0 7 7 3 4 6 0 7 7 3 4 5 0 8 7 3 4 2 7 1 4 2 0 8 7 3 4 2 7 1 4 2 0 8 7 3 4 1 7 1 4 2 0 9 7 2 4 4 0 10 4 5 0 11
chunk 2 17 0 15 4 1 0 15 4 1 0 14 4 2 0 14 4 2 0 14 4 2 0 14 4 2 0 14 4 2 0 14 4 2 0 15 4 1 0 15 4 1 0 96
chunk 3 17 4 6 0 10 4 6 7 1 0 3 7 5 4 7 7 9 4 7 7 9 4 8 7 8 4 8 7 9 4 7 7 9 4 8 7 8 4 7 7 9 4 7 7 9 4 5 7 1 4 1 7 9 4 5 7 1 4 2 7 8 4 9 7 7 0 1 4 15 0 1 4 15 0 1 4 15
chunk 4 17 0 7 4 6 0 3 4 12 0 4 4 2 7 1 4 9 0 4 4 1 7 2 4 9 0 4 4 1 7 2 4 9 0 4 4 12 0 4 7 1 4 12 0 3 7 2 4 12 0 2 7 3 4 12 0 1 7 3 4 13 7 3 4 13 7 2 4 78
chunk 5 17 0 160 4 2 0 14 4 3 0 13 4 3 0 13 4 3 0 13 4 3 0 13 4 3 0 13
chunk 6 17 0 7 7 8 4 1 0 8 7 8 0 8 7 8 0 9 7 7 0 10 7 6 0 11 7 5 0 12 7 4 0 13 7 3 0 13 7 3 0 14 4 2 0 14 4 1 7 1 0 15 7 1 0 15 7 1 0 48
chunk 7 17 4 16 7 1 4 15 7 2 4 14 7 2 4 14 7 1 4 15 7 1 4 50 7 1 4 11 7 1 4 15 7 3 4 14 7 2 4 12 7 3 4 12 7 3 4 13 7 3 0 1 4 13 7 2 0 1 4 14 7 1
chunk 8 17 4 6 7 1 4 32 7 2 4 6 7 1 4 5 7 5 4 9 7 7 4 9 7 7 4 5 0 1 4 3 7 7 4 4 0 2 4 3 7 6 4 5 0 2 7 1 4 1 7 6 4 5 0 3 4 2 7 6 4 5 0 3 4 3 7 5 4 4 0 4 7 1 4 11 0 4 7 2 4 9 0 5 7 2 4 8 0 6 7 2 4 7 0 7 7 1 4 7 0 8
chunk 9 17 4 5 0 11 7 2 4 2 0 12 4 3 0 13 4 1 0 207
chunk 3 18 0 2 4 14 0 3 4 13 0 4 4 12 0 4 4 12 0 4 4 12 0 4 4 12 0 4 4 12 0 5 4 10 7 1 0 5 4 10 7 1 0 5 4 10 7 1 0 6 4 8 7 2 0 8 4 4 7 4 0 9 4 3 7 4 0 10 4 2 7 4 0 32
chunk 4 18 4 76 7 1 4 14 7 3 4 13 7 2 4 3 7 4 4 12 7 5 4 11 7 5 4 11 7 6 4 8 7 1 4 1 7 8 4 1 0 3 4 1 7 10 0 7 7 6 0 44
chunk 5 18 4 2 0 14 4 2 0 14 4 1 0 15 4 2 0 14 4 1 7 1 0 14 7 3 0 13 4 1 7 3 0 12 4 1 7 4 0 11 4 2 7 2 4 1 0 11 4 5 0 11 4 5 0 11 4 4 0 12 4 3 0 61
chunk 7 18 0 2 4 14 0 2 4 14 0 2 4 14 0 2 4 14 0 2 4 12 0 4 4 11 0 5 4 10 0 8 4 7 0 133
chunk 8 18 4 7 0 9 4 6 0 10 4 4 0 12 4 1 0 207
end